561.9209809264305
652.021563342318
684.1608265947889
700.9637096774194
709.8623655913979
704.764081255771
717.1115830115829
716.4393631436315
700.1640359021977
725.6623655913977
724.7573313782992
729.2862903225806
716.2846989966556
726.5069124423961
719.2791327913279
730.4270833333334
730.445762175838
727.8060768543343
731.3225624382674
732.5020161290324
732.2306707629289
732.9987781036167
734.8406574192798
735.333109919571
734.5707238605899
734.6960197978965
734.3229073577601
734.7619685944082
735.9293704354255
735.5908847184986
735.9839142091156
736.3054624664879
736.6102851572024
737.44093991484
738.020834929146
738.3025022341377
737.7450909354395
737.9578100747849
738.158383171788
738.3526809651476
738.7770875563983
738.7242435848334
738.9023006421844
739.0756763343895
739.2446827524577
739.4096048490501
739.5546175346528
739.669235924933
740.1504623297039
740.2746380697049
739.9936918467117
740.0959991750876
740.195659871516
740.2928209711052
740.3876188155008
740.4801800076599
740.5706222661212
740.6590551909034
740.7455809515154
740.8302949061663
740.9132861600667
740.9946380697053
741.047619047619
741.09375
741.1384615384615
741.1818181818184
741.223880597015
741.2647058823528
741.304347826087
741.342857142857
741.3802816901401
741.4166666666665
741.4520547945207
741.4864864864865
741.5200000000001
741.5526315789474
741.5844155844156
741.6153846153845
741.6455696202529
741.675
741.7037037037038
741.731707317073
741.7590361445783
741.7857142857142
741.8117647058825
741.8372093023256
741.862068965517
741.8863636363636
741.9101123595507
741.933333333333
741.9560439560441
741.9782608695652
742.0
742.0212765957447
742.0421052631582
742.0625
742.0824742268042
742.1020408163266
742.121212121212
742.1399999999999
742.1584158415843
742.1764705882354
742.1941747572816
742.2115384615383
742.2285714285717
742.2452830188679
742.2616822429906
742.2777777777779
742.2935779816513
742.3090909090907
742.3243243243242
742.3392857142858
742.3539823008848
742.3684210526316
742.3826086956522
742.396551724138
742.410256410256
742.4237288135594
742.436974789916
742.4499999999999
742.462809917355
742.4754098360658
742.4878048780488
742.5
742.5120000000001
742.5238095238096
742.5354330708666
742.546875
742.5581395348833
742.5692307692309
742.5801526717557
742.590909090909
742.6015037593978
742.6119402985074
742.6222222222217
742.6323529411766
742.6423357664238
742.6521739130435
742.6618705035971
742.6714285714287
742.6808510638297
742.6901408450706
742.699300699301
742.7083333333335
742.7172413793104
742.7260273972605
742.734693877551
742.7432432432433
742.7516778523492
742.76
742.76821192053
742.7763157894738
742.7843137254903
742.7922077922077
742.8000000000001
742.8076923076924
742.8152866242038
742.8227848101264
742.8301886792455
742.8375
742.8447204968936
742.851851851852
742.8588957055213
742.8658536585366
742.8727272727273
742.8795180722891
742.8862275449097
742.8928571428572
742.8994082840236
742.9058823529406
742.9122807017553
742.9186046511628
742.9248554913295
742.9310344827585
742.9371428571426
742.9431818181819
742.9491525423729
742.9550561797755
742.9608938547485
742.9666666666666
742.9723756906078
742.9780219780217
742.9836065573771
742.9891304347825
742.9945945945957
743.0
743.0053475935829
743.0106382978724
743.0158730158741
743.0210526315789
743.026178010471
743.03125
743.0362694300519
743.0412371134022
743.0461538461547
743.0510204081633
743.0558375634517
743.0606060606061
743.0653266331659
743.0699999999999
743.0746268656723
743.0792079207921
743.0837438423647
743.0882352941179
743.0926829268293
743.0970873786408
743.1014492753625
743.105769230769
743.1100478468896
743.1142857142856
743.118483412322
743.1226415094341
743.1267605633801
743.1308411214953
743.1348837209302
743.1388888888888
743.1428571428573
743.1467889908256
743.1506849315068
743.1545454545454
743.1583710407241
743.1621621621622
743.1659192825106
743.1696428571428
743.1733333333333
743.1769911504426
743.180616740088
743.1842105263158
743.1877729257642
743.1913043478262
743.1948051948051
743.198275862069
743.2017167381973
743.2051282051283
743.2085106382979
743.2118644067795
743.2151898734179
743.2184873949578
743.2217573221759
743.225
743.2282157676357
743.2314049586777
743.2345679012346
743.2377049180327
743.2408163265306
743.2439024390245
743.246963562752
743.2499999999999
743.2530120481928
743.2559999999999
743.2589641434267
743.2619047619049
743.2648221343873
743.2677165354324
743.2705882352939
743.2734375
743.2762645914391
743.2790697674425
743.2818532818519
743.2846153846153
743.2873563218391
743.2900763358779
743.2927756653994
743.2954545454548
743.2981132075472
743.3007518796994
743.3033707865171
743.3059701492534
743.3085501858736
743.3111111111111
743.3136531365315
743.3161764705882
743.3186813186799
743.321167883211
743.3236363636364
743.3260869565219
743.3285198555957
743.3309352517985
743.3333333333335
743.3357142857143
743.3380782918142
743.3404255319148
743.3427561837457
743.3450704225354
743.3473684210513
743.3496503496505
743.3519163763067
743.3541666666665
743.3564013840829
743.3586206896551
743.360824742268
743.3630136986302
743.3651877133105
743.3673469387754
743.3694915254239
743.3716216216216
743.3737373737373
743.3758389261745
743.3779264214048
743.38
743.3820598006644
743.3841059602648
743.3861386138614
743.3881578947369
743.3901639344258
743.3921568627451
743.3941368078176
743.396103896104
743.3980582524274
743.4
743.4019292604498
743.4038461538461
743.4057507987222
743.4076433121019
743.4095238095231
743.4113924050633
743.4132492113564
743.4150943396226
743.4169278996864
743.41875
743.4205607476636
743.4223602484483
743.4241486068112
743.425925925926
743.427692307692
743.4294478527607
743.4311926605499
743.4329268292684
743.4346504559269
743.4363636363636
743.4380664652564
743.4397590361447
743.4414414414409
743.4431137724554
743.444776119403
743.4464285714286
743.4480712166172
743.4497041420121
743.4513274336283
743.4529411764714
743.4545454545458
743.4561403508769
743.4577259475218
743.4593023255815
743.4608695652175
743.4624277456646
743.4639769452452
743.4655172413793
743.4670487106015
743.4685714285714
743.4700854700855
743.4715909090909
743.4730878186969
743.4745762711864
743.4760563380281
743.4775280898873
743.4789915966387
743.4804469273744
743.4818941504178
743.4833333333333
743.4847645429362
743.4861878453044
743.487603305785
743.489010989011
743.4904109589041
743.4918032786887
743.4931880108992
743.4945652173914
743.4959349593494
743.4972972972972
743.4986522911049
743.4999999999997
743.501340482574
743.5026737967914
743.5039999999996
743.5053191489361
743.5066312997345
743.5079365079365
743.509234828496
743.5105263157899
743.5118110236224
743.5130890052357
743.5143603133159
743.515625
743.5168831168833
743.5181347150259
743.519379844961
743.5206185567009
743.521850899743
743.5230769230767
743.5242966751919
743.5255102040816
743.5267175572519
743.5279187817259
743.5291139240505
743.5303030303028
743.5314861460955
743.5326633165828
743.5338345864666
743.5350000000004
743.5361596009976
743.5373134328364
743.5384615384618
743.5396039603963
743.5407407407405
743.5418719211823
743.5429975429973
743.5441176470586
743.5452322738388
743.5463414634143
743.5474452554746
743.5485436893204
743.5496368038739
743.5507246376812
743.5518072289155
743.5528846153845
743.5539568345326
743.5550239234452
743.5560859188545
743.5571428571427
743.5581947743469
743.5592417061616
743.560283687943
743.561320754717
743.5623529411764
743.5633802816901
743.5644028103045
743.5654205607477
743.5664335664337
743.5674418604655
743.568445475638
743.5694444444443
743.5704387990755
743.5714285714286
743.5724137931032
743.5733944954127
743.5743707093823
743.5753424657529
743.5763097949886
743.5772727272727
743.5782312925168
743.5791855203619
743.5801354401805
743.5810810810814
743.5820224719102
743.5829596412557
743.5838926174497
743.5848214285714
743.58574610245
743.5866666666665
743.5875831485589
743.5884955752211
743.5894039735099
743.5903083700441
743.5912087912095
743.5921052631578
743.592997811816
743.5938864628821
743.59477124183
743.5956521739132
743.596529284165
743.5974025974023
743.5982721382283
743.5991379310346
743.6000000000001
743.600858369099
743.6017130620983
743.602564102564
743.6034115138593
743.6042553191489
743.6050955414012
743.60593220339
743.6067653276982
743.6075949367091
743.6084210526318
743.609243697479
743.6100628930819
743.6108786610877
743.6116910229646
743.6125
743.6133056133068
743.614107883818
743.6149068322977
743.6157024793393
743.616494845361
743.6172839506172
743.6180698151951
743.6188524590162
743.6196319018403
743.6204081632652
743.6211812627294
743.6219512195123
743.6227180527383
743.623481781376
743.6242424242424
743.6249999999997
743.6257545271629
743.6265060240961
743.6272545090179
743.6279999999998
743.6287425149698
743.6294820717127
743.6302186878726
743.630952380952
743.6316831683168
743.6324110671939
743.6331360946743
743.6338582677167
743.6345776031435
743.635294117647
743.63600782779
743.63671875
743.6374269005862
743.6381322957199
743.6388349514564
743.6395348837207
743.6402321083174
743.6409266409262
743.6416184971098
743.6423076923072
743.6429942418426
743.6436781609194
743.6443594646262
743.6450381679389
743.6457142857143
743.6463878326996
743.6470588235292
743.6477272727274
743.648393194707
743.6490566037736
743.6497175141242
743.6503759398493
743.6510318949342
743.6516853932585
743.6523364485981
743.6529850746269
743.6536312849162
743.6542750929367
743.6549165120593
743.6555555555556
743.6561922365988
743.6568265682656
743.6574585635358
743.6580882352943
743.6587155963316
743.6593406593402
743.6599634369288
743.6605839416063
743.6612021857926
743.6618181818181
743.6624319419238
743.6630434782606
743.6636528028932
743.6642599277976
743.6648648648659
743.6654676258992
743.6660682226212
743.6666666666667
743.6672629695885
743.6678571428572
743.668449197861
743.6690391459089
743.6696269982235
743.6702127659572
743.6707964601771
743.671378091873
743.6719576719581
743.6725352112675
743.6731107205624
743.6736842105262
743.6742556917688
743.6748251748247
743.675392670157
743.6759581881532
743.6765217391303
743.6770833333335
743.677642980936
743.6782006920419
743.678756476684
743.6793103448276
743.6798623063682
743.6804123711344
743.6809605488853
743.6815068493149
743.6820512820524
743.6825938566554
743.6831345826236
743.6836734693878
743.6842105263158
743.6847457627116
743.6852791878172
743.6858108108106
743.6863406408095
743.6868686868687
743.6873949579832
743.6879194630874
743.6884422110554
743.6889632107024
743.6894824707844
743.6899999999998
743.6905158069882
743.6910299003324
743.6915422885565
743.6920529801318
743.6925619834717
743.6930693069307
743.6935749588139
743.6940789473683
743.6945812807883
743.6950819672138
743.6955810147297
743.6960784313726
743.6965742251224
743.6970684039092
743.6975609756098
743.6980519480518
743.6985413290113
743.6990291262138
743.6995153473342
743.6999999999999
743.7004830917876
743.7009646302251
743.701444622793
743.701923076923
743.7023999999999
743.702875399361
743.7033492822966
743.703821656051
743.7042925278222
743.7047619047622
743.7052297939779
743.7056962025315
743.7061611374409
743.7066246056783
743.7070866141732
743.7075471698114
743.708006279435
743.7084639498431
743.7089201877933
743.709375
743.7098283931347
743.7102803738319
743.710730948678
743.7111801242228
743.7116279069768
743.7120743034056
743.7125193199382
743.7129629629629
743.7134052388293
743.7138461538461
743.7142857142856
743.7147239263802
743.7151607963245
743.7155963302756
743.716030534351
743.7164634146343
743.7168949771699
743.7173252279636
743.7177541729894
743.7181818181818
743.7186081694404
743.7190332326282
743.7194570135747
743.719879518072
743.7203007518807
743.7207207207213
743.7211394302849
743.7215568862275
743.7219730941705
743.7223880597015
743.7228017883756
743.7232142857142
743.7236255572062
743.7240356083088
743.7244444444445
743.724852071006
743.7252584933528
743.725663716814
743.7260677466862
743.7264705882353
743.7268722466961
743.7272727272721
743.7276720351406
743.7280701754385
743.7284671532856
743.728862973761
743.7292576419214
743.7296511627907
743.7300435413644
743.7304347826087
743.7308248914616
743.7312138728325
743.731601731602
743.7319884726224
743.7323741007194
743.7327586206898
743.7331420373024
743.7335243553007
743.733905579399
743.7342857142856
743.734664764622
743.7350427350436
743.7354196301573
743.7357954545455
743.7361702127658
743.7365439093484
743.7369165487975
743.7372881355931
743.737658674189
743.7380281690141
743.7383966244735
743.7387640449439
743.7391304347827
743.7394957983194
743.7398601398605
743.7402234636872
743.7405857740586
743.740947075209
743.7413073713492
743.7416666666667
743.7420249653262
743.7423822714682
743.7427385892119
743.7430939226515
743.743448275862
743.7438016528926
743.7441540577717
743.7445054945055
743.7448559670786
743.7452054794533
743.7455540355676
743.7459016393442
743.7462482946793
743.7465940054495
743.7469387755103
743.7472826086956
743.7476255088196
743.7479674796748
743.7483085250338
743.7486486486487
743.7489878542518
743.7493261455528
743.749663526245
743.75
743.7503355704697
743.7506702412869
743.7510040160643
743.7513368983958
743.7516688918565
743.752
743.7523302263648
743.7526595744681
743.752988047809
743.7533156498673
743.753642384106
743.7539682539683
743.7542932628799
743.7546174142484
743.7549407114624
743.7552631578944
743.7555847568989
743.7559055118109
743.7562254259509
743.7565445026178
743.7568627450978
743.757180156658
743.7574967405479
743.7578125
743.7581274382314
743.7584415584415
743.7587548638129
743.7590673575129
743.7593790426907
743.7596899224807
743.76
743.7603092783506
743.7606177606185
743.7609254498714
743.7612323491657
743.7615384615384
743.7618437900128
743.762148337596
743.7624521072795
743.7627551020408
743.7630573248407
743.7633587786255
743.7636594663278
743.763959390863
743.764258555133
743.7645569620253
743.7648546144121
743.7651515151521
743.7654476670866
743.765743073048
743.7660377358491
743.7663316582913
743.7666248431618
743.7669172932342
743.7672090112641
743.7674999999997
743.7677902621724
743.7680798004986
743.7683686176836
743.7686567164177
743.7689440993787
743.7692307692311
743.7695167286245
743.7698019801978
743.7700865265763
743.7703703703705
743.7706535141803
743.7709359605913
743.7712177121772
743.771498771499
743.7717791411044
743.772058823529
743.7723378212972
743.7726161369196
743.7728937728943
743.7731707317071
743.7734470158348
743.7737226277371
743.7739975698655
743.7742718446601
743.7745454545451
743.7748184019368
743.7750906892383
743.7753623188406
743.7756332931243
743.7759036144579
743.7761732851985
743.7764423076922
743.7767106842738
743.7769784172662
743.7772455089818
743.7775119617224
743.7777777777778
743.7780429594271
743.7783075089391
743.7785714285715
743.7788347205709
743.7790973871732
743.7793594306024
743.7796208530805
743.7798816568047
743.7801418439723
743.780401416765
743.7806603773585
743.7809187279153
743.7811764705881
743.7814336075206
743.7816901408453
743.7819460726846
743.7822014051523
743.7824561403513
743.7827102803736
743.7829638273047
743.7832167832169
743.7834691501746
743.7837209302327
743.7839721254355
743.7842227378189
743.7844727694093
743.7847222222224
743.7849710982659
743.7852193995374
743.7854671280274
743.7857142857138
743.7859608745684
743.7862068965518
743.7864523536164
743.7866972477063
743.7869415807563
743.7871853546909
743.7874285714284
743.7876712328766
743.7879133409349
743.7881548974943
743.7883959044366
743.7886363636366
743.7888762769578
743.7891156462586
743.7893544733867
743.7895927601809
743.7898305084747
743.7900677200904
743.7903043968431
743.7905405405405
743.7907761529812
743.7910112359551
743.7912457912457
743.7914798206277
743.7917133258678
743.7919463087247
743.7921787709498
743.7924107142858
743.7926421404682
743.7928730512251
743.7931034482757
743.7933333333335
743.7935627081022
743.7937915742791
743.7940199335546
743.7942477876106
743.7944751381216
743.7947019867552
743.7949283351709
743.795154185022
743.7953795379537
743.7956043956052
743.7958287596049
743.796052631579
743.7962760131434
743.796498905908
743.7967213114753
743.796943231441
743.7971646673935
743.7973856209151
743.7976060935803
743.7978260869567
743.7980456026058
743.7982646420822
743.7984832069342
743.7987012987021
743.7989189189191
743.7991360691146
743.7993527508091
743.7995689655173
743.7997847147469
743.8
743.800214822771
743.8004291845491
743.8006430868166
743.8008565310491
743.8010695187165
743.8012820512819
743.8014941302027
743.8017057569298
743.8019169329075
743.8021276595745
743.8023379383635
743.8025477707006
743.8027571580058
743.8029661016948
743.8031746031749
743.8033826638466
743.8035902851105
743.8037974683543
743.8040042149634
743.8042105263156
743.8044164037857
743.8046218487393
743.8048268625417
743.8050314465407
743.8052356020943
743.805439330544
743.8056426332289
743.8058455114823
743.806047966632
743.80625
743.8064516129031
743.8066528066533
743.8068535825546
743.8070539419084
743.8072538860104
743.8074534161493
743.8076525336089
743.8078512396695
743.8080495356038
743.8082474226804
743.8084449021626
743.8086419753089
743.808838643371
743.8090349075977
743.8092307692308
743.8094262295083
743.8096212896622
743.8098159509204
743.8100102145047
743.8102040816326
743.810397553517
743.8105906313642
743.8107833163784
743.810975609756
743.8111675126903
743.8113590263692
743.8115501519756
743.8117408906884
743.8119312436804
743.8121212121212
743.8123107971745
743.8125000000003
743.8126888217521
743.8128772635815
743.8130653266333
743.8132530120481
743.8134403209626
743.813627254509
743.8138138138139
743.814
